image_width: 640
image_height: 480
camera_name: "rgb_Orbbec_Orbbec    "
camera_matrix:
  rows: 3
  cols: 3
  data: [524.418293, 0.000000, 321.573810, 0.000000, 523.552689, 240.718054, 0.000000, 0.000000, 1.000000]
distortion_model: plumb_bob
distortion_coefficients:
  rows: 1
  cols: 5
  data: [0.005063, -0.047570, 0.003163, 0.006303, 0.000000]
rectification_matrix:
  rows: 3
  cols: 3
  data: [0.999047, 0.009267, 0.042662, -0.009020, 0.999942, -0.005963, -0.042714, 0.005572, 0.999072]
projection_matrix:
  rows: 3
  cols: 4
  data: [546.616238, 0.000000, 301.955494, 0.000000, 0.000000, 546.616238, 237.524412, 0.000000, 0.000000, 0.000000, 1.000000, 0.000000]
