image_width: 640
image_height: 480
camera_name: "rgb_Orbbec_Orbbec    "
camera_matrix:
  rows: 3
  cols: 3
  data: [519.769778, 0.000000, 323.245873, 0.000000, 519.135023, 233.646580, 0.000000, 0.000000, 1.000000]
distortion_model: plumb_bob
distortion_coefficients:
  rows: 1
  cols: 5
  data: [0.043370, -0.107963, -0.001514, 0.007564, 0.000000]
rectification_matrix:
  rows: 3
  cols: 3
  data: [0.999492, 0.011124, 0.029854, -0.011296, 0.999921, 0.005601, -0.029789, -0.005936, 0.999539]
projection_matrix:
  rows: 3
  cols: 4
  data: [546.616238, 0.000000, 301.955494, -47.947853, 0.000000, 546.616238, 237.524412, 0.000000, 0.000000, 0.000000, 1.000000, 0.000000]
